{
 "cells": [
  {
   "cell_type": "markdown",
   "id": "a2fdf38d",
   "metadata": {},
   "source": [
    "以下の行列に対して、特異値分解をしてください。"
   ]
  },
  {
   "cell_type": "code",
   "execution_count": 4,
   "id": "ccbf1bf9",
   "metadata": {},
   "outputs": [
    {
     "name": "stdout",
     "output_type": "stream",
     "text": [
      "B:\n",
      "[[ 1  2  3]\n",
      " [ 4  5  6]\n",
      " [ 7  8  9]\n",
      " [10 11 12]]\n",
      "B.shape: (4, 3)\n",
      "U: [[-0.141 -0.825  0.547 -0.027]\n",
      " [-0.344 -0.426 -0.709  0.444]\n",
      " [-0.547 -0.028 -0.223 -0.806]\n",
      " [-0.75   0.371  0.385  0.39 ]]\n",
      "s: [25.462  1.291  0.   ]\n",
      "Vh: [[-0.505 -0.575 -0.644]\n",
      " [ 0.761  0.057 -0.646]\n",
      " [-0.408  0.816 -0.408]]\n",
      "S: [[25.462  0.     0.   ]\n",
      " [ 0.     1.291  0.   ]\n",
      " [ 0.     0.     0.   ]\n",
      " [ 0.     0.     0.   ]]\n",
      "B_reconstructed: [[ 1.  2.  3.]\n",
      " [ 4.  5.  6.]\n",
      " [ 7.  8.  9.]\n",
      " [10. 11. 12.]]\n"
     ]
    }
   ],
   "source": [
    "import numpy as np\n",
    "from scipy import linalg\n",
    "\n",
    "np.set_printoptions(precision=3, suppress=True)\n",
    "\n",
    "B = np.array([\n",
    "    [1, 2, 3],\n",
    "    [4, 5, 6],\n",
    "    [7, 8, 9],\n",
    "    [10, 11, 12]\n",
    "])\n",
    "\n",
    "print(\"B:\")\n",
    "print(B)\n",
    "print(\"B.shape:\", B.shape)\n",
    "\n",
    "U, s, Vh = linalg.svd(B)\n",
    "print(\"U:\", U)\n",
    "print(\"s:\", s)\n",
    "print(\"Vh:\", Vh)\n",
    "\n",
    "m, n = B.shape\n",
    "S = linalg.diagsvd(s, m, n)\n",
    "\n",
    "print(\"S:\", S)\n",
    "\n",
    "B_reconstructed = U @ S @ Vh\n",
    "print(\"B_reconstructed:\", B_reconstructed)\n",
    "\n",
    "\n"
   ]
  }
 ],
 "metadata": {
  "kernelspec": {
   "display_name": "Python (.venv EU_M_Math)",
   "language": "python",
   "name": "eu_m_math"
  },
  "language_info": {
   "codemirror_mode": {
    "name": "ipython",
    "version": 3
   },
   "file_extension": ".py",
   "mimetype": "text/x-python",
   "name": "python",
   "nbconvert_exporter": "python",
   "pygments_lexer": "ipython3",
   "version": "3.12.10"
  }
 },
 "nbformat": 4,
 "nbformat_minor": 5
}
